              QIN         TIN        pHIN      CondIN       CODIN        SSIN      BOD5IN
count  366.000000  366.000000  366.000000  366.000000  366.000000  366.000000  366.000000
mean     0.705231    0.662445    0.686786    0.345814    0.289446    0.212246    0.428473
std      0.133842    0.175085    0.139402    0.144743    0.133639    0.112606    0.181924
min      0.000000    0.000000    0.000000    0.000000    0.000000    0.000000    0.000000
25%      0.642413    0.520830    0.601777    0.266907    0.194403    0.130270    0.307390
50%      0.748750    0.680560    0.695650    0.304045    0.280355    0.187740    0.428020
75%      0.808885    0.791670    0.790510    0.379282    0.362890    0.268200    0.540860
max      1.000000    1.000000    1.000000    1.000000    1.000000    1.000000    1.000000
QIN         TIN        pHIN      CondIN       CODIN        SSIN      BOD5IN
count  366.000000  366.000000  366.000000  366.000000  366.000000  366.000000  366.000000
mean     0.705231    0.662445    0.686786    0.345814    0.289446    0.212246    0.428473
std      0.133842    0.175085    0.139402    0.144743    0.133639    0.112606    0.181924
min      0.000000    0.000000    0.000000    0.000000    0.000000    0.000000    0.000000
25%      0.642413    0.520830    0.601777    0.266907    0.194403    0.130270    0.307390
50%      0.748750    0.680560    0.695650    0.304045    0.280355    0.187740    0.428020
75%      0.808885    0.791670    0.790510    0.379282    0.362890    0.268200    0.540860
max      1.000000    1.000000    1.000000    1.000000    1.000000    1.000000    1.000000